# Pifagox-hex_table
There is a code for build a beauty multiplication table

=======================================================
hex - hexidemal

0x01  0x02  0x03  0x04  0x05  0x06  0x07  0x08  0x09  
0x02  0x04  0x06  0x08  0x0a  0x0c  0x0e  0x10  0x12  
0x03  0x06  0x09  0x0c  0x0f  0x12  0x15  0x18  0x1b  
0x04  0x08  0x0c  0x10  0x14  0x18  0x1c  0x20  0x24  
0x05  0x0a  0x0f  0x14  0x19  0x1e  0x23  0x28  0x2d  
0x06  0x0c  0x12  0x18  0x1e  0x24  0x2a  0x30  0x36  
0x07  0x0e  0x15  0x1c  0x23  0x2a  0x31  0x38  0x3f  
0x08  0x10  0x18  0x20  0x28  0x30  0x38  0x40  0x48  
0x09  0x12  0x1b  0x24  0x2d  0x36  0x3f  0x48  0x51  

====================================================
dec - decimal

 1  2  3  4  5  6  7  8  9 
 2  4  6  8 10 12 14 16 18 
 3  6  9 12 15 18 21 24 27 
 4  8 12 16 20 24 28 32 36 
 5 10 15 20 25 30 35 40 45 
 6 12 18 24 30 36 42 48 54 
 7 14 21 28 35 42 49 56 63 
 8 16 24 32 40 48 56 64 72 
 9 18 27 36 45 54 63 72 81 
 
